15181411 1716141517111711 1412171313 131118 121115161717131211 141213171711 13181613 111611171515 1714121711 181314 11161117161113 111614 1512141718 14151516
1211151416151715151315 111716 171113141215131113 18141418171812 15171115171618 
1813 1311 11161411 11181612 15111516141214 1317 121411181312 1216 181513 141214121117 11171218171713 
1114 1212111315 1215 181513 141313111117 111514161818 12171516 141211 11121817121411 13181617 1814 18 141614121112 
18131714 17 17121414 "1516151111! 18151418181717141214!" 161311 14141113 171116121412 181413111315141513 1715151613 121417 16141115 141211 14161614141815171517 
18141414 11151717151813 1117 181212111411151614 1213171812161417 161612141717 11131511121812 11161814 161311 1116111412 1714131314 1418 141513 1612 181513 1812161712 
1618161818121218 141117 181217131513 18151113 14111316 17171314151717 111614 111316171214161513 1618161813151516 1518 18 17171512141312 111316171214161513 181514161314
131118 151813 161417111311121616 1513 1411171611

1217151317 131611 11 1517111613181618 18151812 1117 141811 131816 1313111216171416 
161413 1216 141612 121813181111 1816 131717 1416121511151213131213 1713 111614 1113171811 13111417 1513 14161216 17151711111516 
18131413121812 17131214 131118 14181615131113 1416161618 15 111311161714 161413 121817111311141412 16131112 1512151718 1713 16131711 171313 15171314 161112 
18151816151812 181513 111214 1513 11111112171118 13181216 12161118121513 1214121317181717 161413 18181816181611151216 131313 1117111714121813 1215 181513 1712181817
1515 1218 1113151717151716131213 131613 1116151714 161212 1713 181316 1113151316 181214131618 1612 18161414 111818 13151513131714161416 17141211 121715 1614131512
1717 171412 1217121513111117141814 151111 1318161518 161212 181111 141511131218121711 181615 14 131316 1213151818 1616 1412151111 111716 181513 12161716
1414 141117 181618161513131113 161612141716 18121411161717 16141317 131718 1712 1218 18151318 111317 12171315 1317 16121316